ans =

  -10.481900
   -2.602500
   -4.143400
   -3.850800
    0.036500
   -2.503100
    4.128100
   -2.421900
    0.887500
    2.238000
    3.458500
   -0.341000
    3.578900
    2.182600
    5.924520
    2.866500
    2.060600
    5.569330
    3.777800
    2.681500
    4.050500
   -0.497000
    2.227100
    2.138600
    3.482400
   -2.693000
    0.327000
    4.910300
   -0.516000
   -0.944000
    7.472400
    1.592800
   -1.885800
    5.042300
    2.668500
    4.371100
    4.979500
    3.213500
    3.719000
    1.856000
    5.850330
    3.971000
    7.322600
    4.333100
    2.092900
    7.046800
    0.936500
    4.957400
    4.695700
    5.523700
    1.789800
    4.468100
    4.135400
    3.605000
    5.909500
    8.780000
    4.798600
    2.035500
    6.347800
    5.039500
    4.656000
    6.922090
    4.350000
    3.854000
    2.905000
    3.333000
    3.550900
    3.460600
    5.482100
    0.349000
    4.456100
    4.308600
    5.727800
    4.884800
    8.707600
    7.251120
    4.654100
    0.335100
    4.521400
    4.050100
    6.249670
    5.984190
    6.677090
    3.225200
    2.172300
    5.275700
    3.382100
    6.075050
    6.368400
    3.238000
    4.862600
    4.340700
   -0.332200
    4.318500
    9.148860
    5.338900
    5.819850

